function data()
return {
	times = { 0, 41.667, 83.333, 125, 166.667, 208.333, 250, 291.667, 333.333, 375, 416.667, 458.333, 500, 541.667, 583.333, 625, 666.667, 708.333, 750, 791.667, 833.333, 875, 916.667, 958.333, 1000, 1041.667, 1083.333, 1125, 1166.667, 1208.333, 1250, 1291.667, 1333.333, 1375, 1416.667, 1458.333, 1500, 1541.667, 1583.333, 1625, 1666.667, 1708.333, 1750, 1791.667, 1833.333, 1875, 1916.667, 1958.333, 2000, 2041.667, 2083.333, },
	transfs = {
		{ 1, 0, 0, 0, 0, 1, 0, 0, 0, 0, 1, 0, 0, 0, 0, 1, },
		{ 0.99999803304672, -0.001985166920349, 0, 0, 0.001985166920349, 0.99999803304672, 0, 0, 0, 0, 1, 0, 0, 0, 0, 1, },
		{ 0.9999692440033, -0.0078332861885428, 0, 0, 0.0078332861885428, 0.9999692440033, 0, 0, 0, 0, 1, 0, 0, 0, 0, 1, },
		{ 0.99984890222549, -0.017382759600878, 0, 0, 0.017382759600878, 0.99984890222549, 0, 0, 0, 0, 1, 0, 0, 0, 0, 1, },
		{ 0.99953562021255, -0.030470293015242, 0, 0, 0.030470293015242, 0.99953562021255, 0, 0, 0, 0, 1, 0, 0, 0, 0, 1, },
		{ 0.99889820814133, -0.046929311007261, 0, 0, 0.046929311007261, 0.99889820814133, 0, 0, 0, 0, 1, 0, 0, 0, 0, 1, },
		{ 0.99778056144714, -0.066587962210178, 0, 0, 0.066587962210178, 0.99778056144714, 0, 0, 0, 0, 1, 0, 0, 0, 0, 1, },
		{ 0.99600768089294, -0.089267246425152, 0, 0, 0.089267246425152, 0.99600768089294, 0, 0, 0, 0, 1, 0, 0, 0, 0, 1, },
		{ 0.9933910369873, -0.11477890610695, 0, 0, 0.11477890610695, 0.9933910369873, 0, 0, 0, 0, 1, 0, 0, 0, 0, 1, },
		{ 0.98973363637924, -0.14292386174202, 0, 0, 0.14292386174202, 0.98973363637924, 0, 0, 0, 0, 1, 0, 0, 0, 0, 1, },
		{ 0.98483544588089, -0.17349056899548, 0, 0, 0.17349056899548, 0.98483544588089, 0, 0, 0, 0, 1, 0, 0, 0, 0, 1, },
		{ 0.9784984588623, -0.2062540948391, 0, 0, 0.2062540948391, 0.9784984588623, 0, 0, 0, 0, 1, 0, 0, 0, 0, 1, },
		{ 0.97053116559982, -0.24097552895546, 0, 0, 0.24097552895546, 0.97053116559982, 0, 0, 0, 0, 1, 0, 0, 0, 0, 1, },
		{ 0.96075385808945, -0.27740216255188, 0, 0, 0.27740216255188, 0.96075385808945, 0, 0, 0, 0, 1, 0, 0, 0, 0, 1, },
		{ 0.94900268316269, -0.31526774168015, 0, 0, 0.31526774168015, 0.94900268316269, 0, 0, 0, 0, 1, 0, 0, 0, 0, 1, },
		{ 0.93513399362564, -0.35429400205612, 0, 0, 0.35429400205612, 0.93513399362564, 0, 0, 0, 0, 1, 0, 0, 0, 0, 1, },
		{ 0.9190279841423, -0.39419227838516, 0, 0, 0.39419227838516, 0.9190279841423, 0, 0, 0, 0, 1, 0, 0, 0, 0, 1, },
		{ 0.90059179067612, -0.4346658885479, 0, 0, 0.4346658885479, 0.90059179067612, 0, 0, 0, 0, 1, 0, 0, 0, 0, 1, },
		{ 0.87976258993149, -0.47541311383247, 0, 0, 0.47541311383247, 0.87976258993149, 0, 0, 0, 0, 1, 0, 0, 0, 0, 1, },
		{ 0.85651016235352, -0.51613008975983, 0, 0, 0.51613008975983, 0.85651016235352, 0, 0, 0, 0, 1, 0, 0, 0, 0, 1, },
		{ 0.83083760738373, -0.55651491880417, 0, 0, 0.55651491880417, 0.83083760738373, 0, 0, 0, 0, 1, 0, 0, 0, 0, 1, },
		{ 0.8027828335762, -0.59627133607864, 0, 0, 0.59627133607864, 0.8027828335762, 0, 0, 0, 0, 1, 0, 0, 0, 0, 1, },
		{ 0.77241861820221, -0.63511371612549, 0, 0, 0.63511371612549, 0.77241861820221, 0, 0, 0, 0, 1, 0, 0, 0, 0, 1, },
		{ 0.73985201120377, -0.67276966571808, 0, 0, 0.67276966571808, 0.73985201120377, 0, 0, 0, 0, 1, 0, 0, 0, 0, 1, },
		{ 0.70522332191467, -0.70898514986038, 0, 0, 0.70898514986038, 0.70522332191467, 0, 0, 0, 0, 1, 0, 0, 0, 0, 1, },
		{ 0.66870468854904, -0.74352812767029, 0, 0, 0.74352812767029, 0.66870468854904, 0, 0, 0, 0, 1, 0, 0, 0, 0, 1, },
		{ 0.63049608469009, -0.77619242668152, 0, 0, 0.77619242668152, 0.63049608469009, 0, 0, 0, 0, 1, 0, 0, 0, 0, 1, },
		{ 0.59082424640656, -0.80680018663406, 0, 0, 0.80680018663406, 0.59082424640656, 0, 0, 0, 0, 1, 0, 0, 0, 0, 1, },
		{ 0.54993796348572, -0.83520549535751, 0, 0, 0.83520549535751, 0.54993796348572, 0, 0, 0, 0, 1, 0, 0, 0, 0, 1, },
		{ 0.5081045627594, -0.86129534244537, 0, 0, 0.86129534244537, 0.5081045627594, 0, 0, 0, 0, 1, 0, 0, 0, 0, 1, },
		{ 0.46560591459274, -0.88499218225479, 0, 0, 0.88499218225479, 0.46560591459274, 0, 0, 0, 0, 1, 0, 0, 0, 0, 1, },
		{ 0.42273458838463, -0.90625351667404, 0, 0, 0.90625351667404, 0.42273458838463, 0, 0, 0, 0, 1, 0, 0, 0, 0, 1, },
		{ 0.37978857755661, -0.925073325634, 0, 0, 0.925073325634, 0.37978857755661, 0, 0, 0, 0, 1, 0, 0, 0, 0, 1, },
		{ 0.3370686173439, -0.94148004055023, 0, 0, 0.94148004055023, 0.3370686173439, 0, 0, 0, 0, 1, 0, 0, 0, 0, 1, },
		{ 0.29487344622612, -0.95553630590439, 0, 0, 0.95553630590439, 0.29487344622612, 0, 0, 0, 0, 1, 0, 0, 0, 0, 1, },
		{ 0.25349640846252, -0.96733623743057, 0, 0, 0.96733623743057, 0.25349640846252, 0, 0, 0, 0, 1, 0, 0, 0, 0, 1, },
		{ 0.21322298049927, -0.97700357437134, 0, 0, 0.97700357437134, 0.21322298049927, 0, 0, 0, 0, 1, 0, 0, 0, 0, 1, },
		{ 0.17432793974876, -0.98468762636185, 0, 0, 0.98468762636185, 0.17432793974876, 0, 0, 0, 0, 1, 0, 0, 0, 0, 1, },
		{ 0.13707196712494, -0.99056100845337, 0, 0, 0.99056100845337, 0.13707196712494, 0, 0, 0, 0, 1, 0, 0, 0, 0, 1, },
		{ 0.1017030775547, -0.99481475353241, 0, 0, 0.99481475353241, 0.1017030775547, 0, 0, 0, 0, 1, 0, 0, 0, 0, 1, },
		{ 0.068453043699265, -0.99765425920486, 0, 0, 0.99765425920486, 0.068453043699265, 0, 0, 0, 0, 1, 0, 0, 0, 0, 1, },
		{ 0.037540283054113, -0.99929505586624, 0, 0, 0.99929505586624, 0.037540283054113, 0, 0, 0, 0, 1, 0, 0, 0, 0, 1, },
		{ 0.0091666039079428, -0.99995797872543, 0, 0, 0.99995797872543, 0.0091666039079428, 0, 0, 0, 0, 1, 0, 0, 0, 0, 1, },
		{ -0.016478894278407, -0.9998642206192, 0, 0, 0.9998642206192, -0.016478894278407, 0, 0, 0, 0, 1, 0, 0, 0, 0, 1, },
		{ -0.039218701422215, -0.99923062324524, 0, 0, 0.99923062324524, -0.039218701422215, 0, 0, 0, 0, 1, 0, 0, 0, 0, 1, },
		{ -0.058885157108307, -0.99826472997665, 0, 0, 0.99826472997665, -0.058885157108307, 0, 0, 0, 0, 1, 0, 0, 0, 0, 1, },
		{ -0.07531975954771, -0.99715942144394, 0, 0, 0.99715942144394, -0.07531975954771, 0, 0, 0, 0, 1, 0, 0, 0, 0, 1, },
		{ -0.088366784155369, -0.9960880279541, 0, 0, 0.9960880279541, -0.088366784155369, 0, 0, 0, 0, 1, 0, 0, 0, 0, 1, },
		{ -0.097876131534576, -0.99519854784012, 0, 0, 0.99519854784012, -0.097876131534576, 0, 0, 0, 0, 1, 0, 0, 0, 0, 1, },
		{ -0.10369438678026, -0.99460911750793, 0, 0, 0.99460911750793, -0.10369438678026, 0, 0, 0, 0, 1, 0, 0, 0, 0, 1, },
		{ -0.1056684628129, -0.99440133571625, 0, 0, 0.99440133571625, -0.1056684628129, 0, 0, 0, 0, 1, 0, 0, 0, 0, 1, },
	},
}
end
