function data()
return {
	times = { 0, 41.667, 83.333, 125, 166.667, 208.333, 250, 291.667, 333.333, 375, 416.667, 458.333, 500, 541.667, 583.333, 625, 666.667, 708.333, 750, 791.667, 833.333, 875, 916.667, 958.333, 1000, 1041.667, 1083.333, 1125, 1166.667, 1208.333, 1250, 1291.667, 1333.333, 1375, 1416.667, 1458.333, 1500, 1541.667, 1583.333, 1625, 1666.667, 1708.333, 1750, 1791.667, 1833.333, 1875, 1916.667, 1958.333, 2000, 2041.667, 2083.333, },
	transfs = {
		{ 1, 0, 0, 0, 0, 1, 0, 0, 0, 0, 1, 0, 0, 0, 0, 1, },
		{ 0.99999803304672, -0.0019851673860103, 0, 0, 0.0019851673860103, 0.99999803304672, 0, 0, 0, 0, 1, 0, 0, 0, 0, 1, },
		{ 0.9999692440033, -0.0078332889825106, 0, 0, 0.0078332889825106, 0.9999692440033, 0, 0, 0, 0, 1, 0, 0, 0, 0, 1, },
		{ 0.99984890222549, -0.017382765188813, 0, 0, 0.017382765188813, 0.99984890222549, 0, 0, 0, 0, 1, 0, 0, 0, 0, 1, },
		{ 0.99953562021255, -0.030470307916403, 0, 0, 0.030470307916403, 0.99953562021255, 0, 0, 0, 0, 1, 0, 0, 0, 0, 1, },
		{ 0.99889820814133, -0.046929322183132, 0, 0, 0.046929322183132, 0.99889820814133, 0, 0, 0, 0, 1, 0, 0, 0, 0, 1, },
		{ 0.99778056144714, -0.06658798456192, 0, 0, 0.06658798456192, 0.99778056144714, 0, 0, 0, 0, 1, 0, 0, 0, 0, 1, },
		{ 0.99600768089294, -0.089267253875732, 0, 0, 0.089267253875732, 0.99600768089294, 0, 0, 0, 0, 1, 0, 0, 0, 0, 1, },
		{ 0.9933910369873, -0.11477894335985, 0, 0, 0.11477894335985, 0.9933910369873, 0, 0, 0, 0, 1, 0, 0, 0, 0, 1, },
		{ 0.98973363637924, -0.1429239064455, 0, 0, 0.1429239064455, 0.98973363637924, 0, 0, 0, 0, 1, 0, 0, 0, 0, 1, },
		{ 0.98483544588089, -0.1734905987978, 0, 0, 0.1734905987978, 0.98483544588089, 0, 0, 0, 0, 1, 0, 0, 0, 0, 1, },
		{ 0.9784984588623, -0.2062540948391, 0, 0, 0.2062540948391, 0.9784984588623, 0, 0, 0, 0, 1, 0, 0, 0, 0, 1, },
		{ 0.97053116559982, -0.2409755885601, 0, 0, 0.2409755885601, 0.97053116559982, 0, 0, 0, 0, 1, 0, 0, 0, 0, 1, },
		{ 0.96075385808945, -0.2774021923542, 0, 0, 0.2774021923542, 0.96075385808945, 0, 0, 0, 0, 1, 0, 0, 0, 0, 1, },
		{ 0.94900268316269, -0.31526783108711, 0, 0, 0.31526783108711, 0.94900268316269, 0, 0, 0, 0, 1, 0, 0, 0, 0, 1, },
		{ 0.93513399362564, -0.35429418087006, 0, 0, 0.35429418087006, 0.93513399362564, 0, 0, 0, 0, 1, 0, 0, 0, 0, 1, },
		{ 0.91902792453766, -0.39419248700142, 0, 0, 0.39419248700142, 0.91902792453766, 0, 0, 0, 0, 1, 0, 0, 0, 0, 1, },
		{ 0.90059161186218, -0.43466606736183, 0, 0, 0.43466606736183, 0.90059161186218, 0, 0, 0, 0, 1, 0, 0, 0, 0, 1, },
		{ 0.87976258993149, -0.47541320323944, 0, 0, 0.47541320323944, 0.87976258993149, 0, 0, 0, 0, 1, 0, 0, 0, 0, 1, },
		{ 0.85651016235352, -0.51613008975983, 0, 0, 0.51613008975983, 0.85651016235352, 0, 0, 0, 0, 1, 0, 0, 0, 0, 1, },
		{ 0.83083760738373, -0.55651491880417, 0, 0, 0.55651491880417, 0.83083760738373, 0, 0, 0, 0, 1, 0, 0, 0, 0, 1, },
		{ 0.80278271436691, -0.59627163410187, 0, 0, 0.59627163410187, 0.80278271436691, 0, 0, 0, 0, 1, 0, 0, 0, 0, 1, },
		{ 0.77241837978363, -0.63511395454407, 0, 0, 0.63511395454407, 0.77241837978363, 0, 0, 0, 0, 1, 0, 0, 0, 0, 1, },
		{ 0.73985189199448, -0.67276972532272, 0, 0, 0.67276972532272, 0.73985189199448, 0, 0, 0, 0, 1, 0, 0, 0, 0, 1, },
		{ 0.70522332191467, -0.70898520946503, 0, 0, 0.70898520946503, 0.70522332191467, 0, 0, 0, 0, 1, 0, 0, 0, 0, 1, },
		{ 0.66870439052582, -0.74352824687958, 0, 0, 0.74352824687958, 0.66870439052582, 0, 0, 0, 0, 1, 0, 0, 0, 0, 1, },
		{ 0.63049584627151, -0.77619254589081, 0, 0, 0.77619254589081, 0.63049584627151, 0, 0, 0, 0, 1, 0, 0, 0, 0, 1, },
		{ 0.59082400798798, -0.806800365448, 0, 0, 0.806800365448, 0.59082400798798, 0, 0, 0, 0, 1, 0, 0, 0, 0, 1, },
		{ 0.54993778467178, -0.83520549535751, 0, 0, 0.83520549535751, 0.54993778467178, 0, 0, 0, 0, 1, 0, 0, 0, 0, 1, },
		{ 0.50810414552689, -0.86129552125931, 0, 0, 0.86129552125931, 0.50810414552689, 0, 0, 0, 0, 1, 0, 0, 0, 0, 1, },
		{ 0.46560567617416, -0.88499218225479, 0, 0, 0.88499218225479, 0.46560567617416, 0, 0, 0, 0, 1, 0, 0, 0, 0, 1, },
		{ 0.42273420095444, -0.90625357627869, 0, 0, 0.90625357627869, 0.42273420095444, 0, 0, 0, 0, 1, 0, 0, 0, 0, 1, },
		{ 0.37978827953339, -0.92507338523865, 0, 0, 0.92507338523865, 0.37978827953339, 0, 0, 0, 0, 1, 0, 0, 0, 0, 1, },
		{ 0.33706799149513, -0.94148021936417, 0, 0, 0.94148021936417, 0.33706799149513, 0, 0, 0, 0, 1, 0, 0, 0, 0, 1, },
		{ 0.29487302899361, -0.95553630590439, 0, 0, 0.95553630590439, 0.29487302899361, 0, 0, 0, 0, 1, 0, 0, 0, 0, 1, },
		{ 0.25349625945091, -0.96733623743057, 0, 0, 0.96733623743057, 0.25349625945091, 0, 0, 0, 0, 1, 0, 0, 0, 0, 1, },
		{ 0.21322283148766, -0.97700345516205, 0, 0, 0.97700345516205, 0.21322283148766, 0, 0, 0, 0, 1, 0, 0, 0, 0, 1, },
		{ 0.17432726919651, -0.98468762636185, 0, 0, 0.98468762636185, 0.17432726919651, 0, 0, 0, 0, 1, 0, 0, 0, 0, 1, },
		{ 0.13707168400288, -0.99056100845337, 0, 0, 0.99056100845337, 0.13707168400288, 0, 0, 0, 0, 1, 0, 0, 0, 0, 1, },
		{ 0.1017025411129, -0.99481475353241, 0, 0, 0.99481475353241, 0.1017025411129, 0, 0, 0, 0, 1, 0, 0, 0, 0, 1, },
		{ 0.068452917039394, -0.99765425920486, 0, 0, 0.99765425920486, 0.068452917039394, 0, 0, 0, 0, 1, 0, 0, 0, 0, 1, },
		{ 0.037539880722761, -0.99929505586624, 0, 0, 0.99929505586624, 0.037539880722761, 0, 0, 0, 0, 1, 0, 0, 0, 0, 1, },
		{ 0.0091660721227527, -0.99995785951614, 0, 0, 0.99995785951614, 0.0091660721227527, 0, 0, 0, 0, 1, 0, 0, 0, 0, 1, },
		{ -0.01647942699492, -0.99986410140991, 0, 0, 0.99986410140991, -0.01647942699492, 0, 0, 0, 0, 1, 0, 0, 0, 0, 1, },
		{ -0.039219100028276, -0.99923050403595, 0, 0, 0.99923050403595, -0.039219100028276, 0, 0, 0, 0, 1, 0, 0, 0, 0, 1, },
		{ -0.058886215090752, -0.99826467037201, 0, 0, 0.99826467037201, -0.058886215090752, 0, 0, 0, 0, 1, 0, 0, 0, 0, 1, },
		{ -0.075320020318031, -0.99715936183929, 0, 0, 0.99715936183929, -0.075320020318031, 0, 0, 0, 0, 1, 0, 0, 0, 0, 1, },
		{ -0.088367439806461, -0.99608784914017, 0, 0, 0.99608784914017, -0.088367439806461, 0, 0, 0, 0, 1, 0, 0, 0, 0, 1, },
		{ -0.097876131534576, -0.99519854784012, 0, 0, 0.99519854784012, -0.097876131534576, 0, 0, 0, 0, 1, 0, 0, 0, 0, 1, },
		{ -0.10369438678026, -0.99460911750793, 0, 0, 0.99460911750793, -0.10369438678026, 0, 0, 0, 0, 1, 0, 0, 0, 0, 1, },
		{ -0.10566899180412, -0.99440121650696, 0, 0, 0.99440121650696, -0.10566899180412, 0, 0, 0, 0, 1, 0, 0, 0, 0, 1, },
	},
}
end
